     0  1  2  3  4  5  6  7  8  9  a  b  c  d  e  f    0123456789abcdef
00: 5a 69 09 16 80 0c 11 93 4e 0b 08 4b 00 77 7a 51    Zi??????N??K.wzQ
10: 58 00 00 00 00 00 00 00 00 00 00 00 00 00 00 00    X...............
20: 00 00 00 00 00 00 00 00 00 00 00 00 00 00 00 00    ................
30: 00 00 00 00 00 00 00 00 00 00 00 00 00 00 00 00    ................
40: 00 00 00 00 00 00 00 00 00 00 00 00 00 00 00 00    ................
50: 00 00 00 00 00 00 00 00 00 80 00 00 00 00 00 00    .........?......
60: 66 16 b5 5a d5 57 69 28 35 98 00 00 00 00 00 00    f??Z?Wi(5?......
70: 1c 9c 33 40 0c 00 00 00 00 00 00 00 00 00 00 00    ??3@?...........
80: 5a 69 09 16 80 0c 11 93 4e 0b 08 4b 00 77 7a 51    Zi??????N??K.wzQ
90: 58 00 00 00 00 00 00 00 00 00 00 00 00 00 00 00    X...............
a0: 00 00 00 00 00 00 00 00 00 00 00 00 00 00 00 00    ................
b0: 00 00 00 00 00 00 00 00 00 00 00 00 00 00 00 00    ................
c0: 00 00 00 00 00 00 00 00 00 00 00 00 00 00 00 00    ................
d0: 00 00 00 00 00 00 00 00 00 00 00 00 00 00 00 00    ................
e0: 66 16 b5 5a d5 57 69 28 35 98 00 00 00 00 00 00    f??Z?Wi(5?......
f0: 1c 9c 33 40 0c 00 00 00 00 00 00 00 00 00 00 00    ??3@?...........
